1 8.3 6.0 1.0 0.9 0.4
2 4.6 2.1 0.9 0.1 0.4
3 6.1 2.1 1.5 0.1 0.4
4 5.0 2.1 0.8 0.4 0.4
5 10.9 2.4 5.2 0.3 0.7
6 2.8 1.4 0.6 0.2 0.8
7 2.9 1.6 0.9 0.1 0.5
8 14.7 5.9 1.8 0.5 1.3
9 4.3 3.5 0.9 0.3 0.3
10 21.6 10.1 1.5 1.6 0.8
11 8.2 7.7 1.0 0.7 0.4
12 17.3 6.5 4.1 0.4 0.8
13 2.9 1.8 0.5 0.2 0.5
14 3.5 2.7 1.0 0.5 0.5
15 20.4 6.4 2.2 0.1 1.1
16 23.6 7.1 2.9 0.9 1.4
17 21.2 4.1 4.9 0.5 0.9
18 13.5 3.8 4.8 0.5 1.6
19 2.6 1.2 0.2 0.2 0.3
20 3.2 1.8 0.0 0.3 0.0
21 1.0 0.7 0.0 0.3 0.0
22 4.4 2.9 1.1 0.5 0.1
23 20.6 3.5 6.8 0.3 0.6
24 12.1 6.0 1.8 0.4 0.9
25 3.6 1.6 1.7 0.1 0.5
26 5.9 4.1 1.1 0.3 0.5
27 4.2 2.5 0.8 0.1 0.4
28 6.3 2.3 0.6 0.2 0.4
29 4.2 2.0 0.9 0.0 0.4
30 27.4 5.2 6.4 0.5 1.4
31 5.6 4.1 0.8 0.2 0.5
32 0.5 0.0 0.3 0.3 1.0
33 10.3 2.9 2.1 0.3 0.5
34 6.1 2.8 1.1 0.5 0.7
35 2.5 2.6 0.6 0.2 0.1
36 13.0 5.6 1.8 0.7 0.6
37 18.0 4.4 4.1 0.2 1.0
38 6.1 4.3 0.9 0.2 0.3
39 3.6 4.5 3.0 0.0 0.8
40 7.4 5.8 0.9 0.9 0.2
41 11.9 3.4 1.8 0.4 1.1
42 4.5 1.9 1.7 0.1 0.5
43 4.9 2.0 1.1 0.8 0.4
44 10.3 4.9 1.8 0.4 1.4
45 11.3 9.4 1.2 0.8 0.8
46 25.5 4.8 4.2 0.5 1.5
47 2.9 0.9 0.4 0.0 0.4
48 14.7 6.3 1.5 0.5 0.8
49 9.9 3.9 5.4 0.1 0.2
50 3.9 4.6 0.7 0.1 0.5
51 4.6 2.8 0.4 0.2 0.6
52 17.7 15.2 2.7 1.6 1.9
53 7.3 1.6 2.8 0.1 0.4
54 20.8 3.1 3.0 0.1 0.0
55 12.3 1.9 3.9 0.1 0.7
56 1.7 1.6 0.2 0.3 0.2
57 0.0 0.0 0.0 0.0 0.0
58 5.5 4.1 1.4 1.1 0.6
59 15.1 2.7 2.0 0.2 0.7
60 17.6 9.8 3.2 0.3 0.6
61 4.5 1.3 0.5 0.3 0.8
62 7.3 4.0 3.4 0.3 1.2
63 9.3 5.5 1.5 0.6 0.7
64 8.2 2.4 3.3 0.1 0.5
65 0.0 0.0 0.0 0.0 0.0
66 5.7 2.4 0.8 0.2 0.2
67 2.5 2.6 0.6 0.2 0.1
68 12.6 2.4 2.0 0.1 0.6
69 15.8 3.1 2.0 0.1 0.6
70 28.7 9.3 8.7 0.2 1.1
71 10.4 2.9 2.1 0.3 1.4
72 1.1 0.8 0.2 0.1 0.3
73 11.6 3.5 1.2 0.8 0.7
74 11.5 3.4 2.5 0.4 0.6
75 6.6 2.9 0.8 0.5 0.4
76 11.2 2.7 1.4 0.1 0.7
77 7.2 5.3 2.4 0.6 0.5
78 7.5 4.1 0.7 0.4 0.4
79 8.4 1.7 3.5 0.2 0.8
80 3.8 3.7 0.8 0.2 0.3
81 9.0 1.9 1.9 0.1 0.7
82 17.7 15.2 2.7 1.6 1.9
83 15.5 4.7 3.3 0.4 0.4
84 7.3 1.6 2.8 0.1 0.4
85 8.9 4.7 4.0 0.5 1.1
86 13.1 6.3 1.0 0.9 0.5
87 18.1 2.4 5.6 0.3 0.8
88 2.0 0.6 1.0 0.0 0.3
89 1.5 3.5 0.5 0.3 0.3
90 5.5 4.1 1.4 1.1 0.6
91 14.0 4.6 2.1 0.2 0.5
92 6.7 4.6 1.8 0.6 0.3
93 7.6 4.5 1.0 0.5 0.7
94 9.3 6.2 1.9 1.1 0.7
95 7.2 5.8 1.3 1.1 0.9
96 8.0 6.2 6.2 0.8 1.4
97 11.8 4.3 1.6 0.3 0.9
98 21.8 5.1 3.7 0.6 0.8
99 23.1 3.9 6.3 0.3 1.1
100 20.8 5.2 6.6 0.4 1.0
101 8.4 2.8 0.8 0.4 0.5
102 1.3 2.5 0.2 0.3 0.2
103 3.2 2.4 0.4 0.2 0.1
104 10.2 4.2 1.3 0.6 0.1
105 34.4 6.4 7.4 0.9 1.7
106 3.5 2.2 0.9 0.2 0.1
107 14.5 1.9 1.5 0.4 0.6
108 12.8 6.4 1.2 1.3 1.5
109 8.5 2.4 1.7 0.2 0.7
110 27.5 8.0 7.0 0.3 1.7
111 9.4 2.3 3.3 0.3 0.9
112 1.4 1.4 0.2 0.0 0.0
113 0.8 1.4 0.0 0.2 0.0
114 10.4 2.5 1.1 1.1 0.1
115 4.6 1.5 1.6 0.5 0.6
116 4.2 2.3 0.3 0.3 0.3
117 12.5 4.3 2.1 0.5 1.2
118 8.4 3.2 1.3 0.6 1.2
119 16.3 4.7 7.1 0.2 0.7
120 13.8 3.2 3.0 0.2 0.8
121 26.9 7.3 5.0 0.6 1.8
122 9.7 1.9 1.9 0.2 0.4
123 18.7 3.1 5.7 0.2 0.7
124 17.4 5.1 1.4 0.5 0.8
125 5.8 3.9 1.1 0.5 0.9
126 18.6 7.1 1.7 1.1 0.6
127 7.9 5.4 3.7 0.5 1.1
128 4.6 2.3 0.6 0.1 0.1
129 21.0 5.7 3.9 0.5 1.3
130 12.8 2.9 4.4  0.2 0.4
131 5.4 1.9 1.8 0.3 1.0
132 26.7 9.4 3.1 2.4 1.5
133 8.6 2.3 1.3 0.1 0.9
134 8.2 3.4 1.4 0.5 1.2
135 6.8 5.8 0.6 1.5 0.5
136 1.5 1.1 0.5 0.1 0.3
137 12.5 4.5 1.3 0.4 0.4
138 25.7 7.9 10.6 0.5 1.2
139 7.1 3.0 5.0 0.0 0.8
140 9.5 2.1 1.7 0.2 0.8
141 8.1 3.7 3.0 0.3 1.3
142 6.0 0.5 0.0 0.0 0.0
143 7.4 2.2 1.4 0.0 0.2
144 17.6 3.5 6.9 0.3 0.9
145 10.4 6.1 2.6 0.4 1.2
146 16.9 4.7 1.4 1.6 0.7
147 1.0 0.3 0.0 0.0 0.3
148 3.4 3.1 1.4 0.5 0.2
149 3.2 2.8 0.6 0.3 0.1
150 10.4 3.2 1.7 0.5 1.0
151 10.4 6.1 2.6 0.4 1.2
152 8.4 3.7 2.3 1.0 0.8
153 20.2 6.6 6.1 0.5 1.7
154 11.3 6.6 4.0 0.5 0.6
155 1.4 1.0 0.2 0.2 0.4
156 15.6 2.7 3.4 0.2 0.8
157 6.1 5.1 1.1 0.3 0.3
158 5.4 2.9 1.8 0.2 0.7
159 12.9 4.0 1.9 0.1 0.6
160 1.7 2.7 0.3 0.0 0.0
161 29.6 13.7 5.8 1.0 1.0
162 2.5 1.1 0.5 0.1 0.3
163 9.4 4.9 2.3 0.3 1.4
164 15.4 4.6 5.4 0.4 0.9
165 2.3 1.3 1.8 0.0 0.3
166 9.6 3.0 2.9 0.1 0.8
167 21.1 6.2 4.1 0.1 0.9
168 6.7 2.1 1.2 0.2 0.2
169 5.0 3.7 1.0 0.2 0.5
170 5.1 4.2 1.6 0.5 0.3
171 6.4 3.1 0.7 0.3 0.2
172 8.6 4.3 1.6 0.4 1.1
173 7.4 5.8 1.2 1.0 0.8
174 6.0 4.1 0.8 0.2 0.4
175 7.6 1.6 4.2 0.1 1.1
176 9.0 4.1 1.2 0.7 0.6
177 4.4 1.4 1.1 0.4 0.4
178 9.1 2.5 0.7 0.4 0.7
179 8.4 3.7 2.3 1.0 0.8
180 1.1 0.8 0.2 0.1 0.3
181 12.4 6.2 7.0 0.5 1.4
182 7.5 4.0 0.9 0.9 0.4
183 8.6 2.4 1.4 0.2 0.5
184 6.8 3.0 1.3 0.4 0.6
185 1.0 1.0 1.0 0.0 0.0
186 9.2 9.9 1.7 1.0 0.6
187 24.3 6.4 4.3 0.7 1.0
188 5.6 1.4 0.8 0.1 0.3
189 14.9 2.6 2.0 0.2 0.4
190 23.6 6.8 2.2 0.5 0.8
191 6.1 4.3 0.8 0.5 0.4
192 5.8 3.9 1.1 0.5 0.9
193 5.5 2.3 2.9 0.2 0.8
194 8.1 2.3 1.4 0.1 0.9
195 5.1 1.8 1.2 0.1 0.1
196 6.3 2.1 3.0 0.3 0.9
197 9.7 7.0 0.6 2.0 0.9
198 1.9 0.6 0.4 0.1 0.0
199 10.0 4.7 7.2 0.4 1.6
200 19.5 9.7 3.1 0.3 0.8
201 17.7 4.9 6.8 0.1 1.6
202 1.0 0.2 0.6 0.0 0.0
203 7.0 0.7 0.0 0.0 0.0
204 0.3 0.0 0.1 0.0 0.0
205 10.9 9.4 2.4 1.1 0.9
206 19.2 5.5 2.1 0.1 0.7
207 4.5 3.7 0.5 0.7 0.4
208 19.0 3.6 4.1 0.2 0.7
209 6.2 1.9 0.7 0.1 0.8
210 4.2 1.5 0.9 0.3 0.5
211 12.1 3.3 5.2 0.2 1.3
212 4.2 1.5 0.9 0.2 0.5
213 4.3 4.8 1.2 0.4 1.0
214 5.5 5.0 0.7 1.4 0.4
215 19.5 11.0 3.7 0.9 0.9
216 3.8 4.5 0.9 0.5 0.5
217 18.8 2.6 3.2 0.2 1.1
218 10.4 2.2 4.6 0.0 0.6
219 7.2 3.3 2.4 0.5 1.1
220 0.0 0.2 0.0 0.0 0.0
221 9.5 2.1 2.2 0.2 0.6
222 3.3 3.8 1.3 0.8 0.2
223 9.7 2.3 1.1 0.2 0.6
224 1.4 1.3 0.0 0.3 0.4
225 2.2 3.0 0.4 1.3 0.1
226 4.3 1.1 1.6 0.1 0.4
227 11.8 4.3 1.6 0.3 0.9
228 5.9 1.4 2.1 0.0 0.3
229 16.7 7.8 8.2 0.6 2.1
230 23.4 11.8 3.1 1.3 0.9
231 1.3 1.0 0.0 0.0 0.3
232 8.1 2.9 1.1 0.3 0.6
233 10.1 5.9 1.9 0.3 0.6
234 4.0 1.6 2.1 0.1 0.4
235 2.5 0.0 0.5 0.0 0.0
236 0.7 0.0 0.0 0.0 0.0
237 19.0 12.0 1.9 1.2 0.8
238 13.1 4.6 8.9 0.2 1.5
239 26.1 4.2 6.6 0.3 0.7
240 4.8 2.9 0.5 0.3 0.2
241 28.9 4.3 7.8 0.4 1.0
242 8.0 4.6 1.7 0.3 1.3
243 15.3 6.3 1.6 0.5 0.8
244 8.7 4.3 1.3 0.6 1.1
245 3.6 2.3 0.5 0.3 0.3
246 8.8 2.3 1.5 0.2 0.4
247 7.7 1.7 0.9 0.2 0.7
248 2.9 2.5 0.3 0.0 0.4
249 4.8 3.4 0.9 0.2 0.6
250 1.2 1.6 0.1 0.1 0.1
251 11.9 6.4 2.8 0.5 0.8
252 2.1 1.6 0.3 0.2 0.4
253 8.3 6.0 1.0 0.9 0.4
254 20.4 4.0 6.8 0.5 1.4
255 4.2 1.1 1.3 0.1 0.3
256 7.0 4.2 1.3 0.4 0.6
257 14.7 5.9 1.8 0.5 1.3
258 14.2 0.8 0.8 0.9 0.5
259 3.5 2.8 0.7 0.2 0.3
260 12.8 8.3 1.0 1.4 1.0
261 10.7 5.8 4.1 0.3 1.7
262 5.3 5.3 1.8 1.4 0.5
263 2.9 1.6 0.4 0.3 0.1
264 22.2 5.6 5.6 0.2 1.0
265 18.9 7.4 2.4 1.6 0.7
266 11.7 1.6 1.8 0.1 0.8
267 3.6 2.5 0.4 0.4 0.1
268 0.0 2.0 3.0 0.0 0.0
269 5.8 1.7 1.2 0.0 0.2
270 10.0 5.4 1.7 0.5 0.4
271 17.6 3.8 6.6 0.3 1.9
272 19.7 4.8 7.7 0.4 1.3
273 4.6 2.3 2.1 0.1 1.1
274 16.4 3.7 1.8 0.4 1.3
275 6.3 4.4 0.4 1.0 0.4
276 7.6 6.3 3.4 0.8 0.9
277 1.9 1.4 0.4 0.1 0.2
278 16.0 8.3 1.5 0.8 0.5
279 2.3 0.3 0.5 0.3 0.0
280 7.7 3.4 1.7 0.2 0.5
281 15.1 2.7 2.0 0.2 0.7
282 24.2 4.4 4.2 0.2 1.0
283 5.8 1.9 0.6 0.1 0.2
284 1.2 1.2 0.1 0.1 0.0
285 0.0 0.0 0.0 0.0 0.0
286 0.4 0.6 0.6 0.1 0.1
287 8.4 2.8 0.8 0.4 0.5
288 0.0 0.8 0.3 0.0 0.0
289 0.0 1.0 0.2 0.4 0.0
290 6.3 5.4 2.5 0.4 0.7
291 12.2 1.7 3.7 0.2 0.3
292 4.6 3.2 1.1 0.4 0.6
293 1.4 0.6 0.8 0.1 0.0
294 9.5 5.2 1.3 0.5 0.6
295 12.1 6.8 1.9 0.9 0.4
296 3.2 3.9 0.5 0.5 0.1
297 13.4 6.0 1.7 0.2 0.8
298 30.5 4.2 6.1 0.4 1.2
299 10.3 2.9 5.0 0.2 1.3
300 3.6 1.9 1.2 0.3 0.4